{
 "cells": [
  {
   "cell_type": "code",
   "execution_count": 1,
   "id": "eaa9c3fc-1021-4da6-8201-339677277076",
   "metadata": {},
   "outputs": [],
   "source": [
    "import numpy as np\n",
    "import pandas as pd\n",
    "import scipy.stats as sps\n",
    "from tqdm.notebook import tqdm\n",
    "import warnings\n",
    "warnings.filterwarnings(\"ignore\")\n",
    "\n",
    "\n",
    "import matplotlib.pyplot as plt\n",
    "import seaborn as sns\n",
    "sns.set(style='darkgrid', font_scale=1.3, palette='Set2')\n",
    "\n",
    "\n",
    "import statsmodels.formula.api as smf\n",
    "import statsmodels.stats.api as sms\n",
    "from statsmodels.compat import lzip\n",
    "import statsmodels.datasets as smd\n",
    "import statsmodels.api as sm"
   ]
  },
  {
   "cell_type": "code",
   "execution_count": 2,
   "id": "a9526804-8156-41ea-8e78-82f54c1dbfa7",
   "metadata": {},
   "outputs": [
    {
     "name": "stdout",
     "output_type": "stream",
     "text": [
      "                            OLS Regression Results                            \n",
      "==============================================================================\n",
      "Dep. Variable:                  price   R-squared:                       0.683\n",
      "Model:                            OLS   Adj. R-squared:                  0.681\n",
      "Method:                 Least Squares   F-statistic:                     146.3\n",
      "Date:                Mon, 09 Oct 2023   Prob (F-statistic):          4.25e-213\n",
      "Time:                        13:23:41   Log-Likelihood:                -9779.0\n",
      "No. Observations:                2040   AIC:                         1.958e+04\n",
      "Df Residuals:                    2030   BIC:                         1.963e+04\n",
      "Df Model:                           9                                         \n",
      "Covariance Type:                  HC0                                         \n",
      "==============================================================================\n",
      "                 coef    std err          t      P>|t|      [0.025      0.975]\n",
      "------------------------------------------------------------------------------\n",
      "Intercept    -23.9780     13.118     -1.828      0.068     -49.704       1.748\n",
      "totsp          1.5737      0.218      7.227      0.000       1.147       2.001\n",
      "livesp         1.3716      0.471      2.912      0.004       0.448       2.295\n",
      "kitsp          1.7409      0.716      2.431      0.015       0.337       3.145\n",
      "dist          -3.1704      0.228    -13.897      0.000      -3.618      -2.723\n",
      "metrdist      -1.2332      0.160     -7.721      0.000      -1.546      -0.920\n",
      "walk           9.2209      1.224      7.533      0.000       6.820      11.621\n",
      "brick          6.9052      1.879      3.674      0.000       3.220      10.591\n",
      "floor          6.5504      1.337      4.900      0.000       3.929       9.172\n",
      "code          -2.6339      0.280     -9.404      0.000      -3.183      -2.085\n",
      "==============================================================================\n",
      "Omnibus:                     1468.217   Durbin-Watson:                   2.050\n",
      "Prob(Omnibus):                  0.000   Jarque-Bera (JB):            67473.915\n",
      "Skew:                           2.860   Prob(JB):                         0.00\n",
      "Kurtosis:                      30.588   Cond. No.                         789.\n",
      "==============================================================================\n",
      "\n",
      "Notes:\n",
      "[1] Standard Errors are heteroscedasticity robust (HC0)\n"
     ]
    }
   ],
   "source": [
    "flats = pd.read_csv(\"flats_moscow.txt\", sep='\\t')\n",
    "linear = smf.ols('price ~ totsp+livesp+kitsp+dist+metrdist+walk+brick+floor+code', flats)\n",
    "l_results = linear.fit()\n",
    "robust_results = l_results.get_robustcov_results(cov_type=\"HC3\")\n",
    "print(robust_results.summary())"
   ]
  },
  {
   "cell_type": "code",
   "execution_count": 3,
   "id": "8249b214",
   "metadata": {},
   "outputs": [
    {
     "name": "stdout",
     "output_type": "stream",
     "text": [
      "Intercept : H0, confidence int = [-49.70418638   1.74828195]\n",
      "totsp : H1, confidence int = [1.14665228 2.00067668]\n",
      "livesp : H1, confidence int = [0.44781636 2.295442  ]\n",
      "kitsp : H1, confidence int = [0.33675327 3.14508458]\n",
      "dist : H1, confidence int = [-3.61782236 -2.72303584]\n",
      "metrdist : H1, confidence int = [-1.54641964 -0.91994991]\n",
      "walk : H1, confidence int = [ 6.82044238 11.62137061]\n",
      "brick : H1, confidence int = [ 3.21976232 10.59055636]\n",
      "floor : H1, confidence int = [3.92860715 9.17215704]\n",
      "code : H1, confidence int = [-3.18320779 -2.0846047 ]\n"
     ]
    }
   ],
   "source": [
    "params = [\"Intercept\"] + flats.columns.tolist()[2:]\n",
    "for elem, conf_int_param in zip(params, robust_results.conf_int()):\n",
    "    if conf_int_param[1] < 0 or conf_int_param[0] > 0:\n",
    "        print(elem + \" : H1, confidence int = \" + str(conf_int_param))\n",
    "    else:\n",
    "        print(elem + \" : H0, confidence int = \" + str(conf_int_param))"
   ]
  },
  {
   "cell_type": "code",
   "execution_count": 4,
   "id": "e845b20a",
   "metadata": {},
   "outputs": [
    {
     "data": {
      "text/html": [
       "<div>\n",
       "<style scoped>\n",
       "    .dataframe tbody tr th:only-of-type {\n",
       "        vertical-align: middle;\n",
       "    }\n",
       "\n",
       "    .dataframe tbody tr th {\n",
       "        vertical-align: top;\n",
       "    }\n",
       "\n",
       "    .dataframe thead th {\n",
       "        text-align: right;\n",
       "    }\n",
       "</style>\n",
       "<table border=\"1\" class=\"dataframe\">\n",
       "  <thead>\n",
       "    <tr style=\"text-align: right;\">\n",
       "      <th></th>\n",
       "      <th>Intercept</th>\n",
       "      <th>totsp</th>\n",
       "      <th>livesp</th>\n",
       "      <th>kitsp</th>\n",
       "      <th>dist</th>\n",
       "      <th>metrdist</th>\n",
       "      <th>walk</th>\n",
       "      <th>brick</th>\n",
       "      <th>floor</th>\n",
       "      <th>code</th>\n",
       "    </tr>\n",
       "  </thead>\n",
       "  <tbody>\n",
       "    <tr>\n",
       "      <th>Intercept</th>\n",
       "      <td>172.083099</td>\n",
       "      <td>0.727485</td>\n",
       "      <td>-5.040333</td>\n",
       "      <td>2.444536</td>\n",
       "      <td>-1.243724</td>\n",
       "      <td>-0.330106</td>\n",
       "      <td>-2.815240</td>\n",
       "      <td>6.398283</td>\n",
       "      <td>-1.461743</td>\n",
       "      <td>-0.059492</td>\n",
       "    </tr>\n",
       "    <tr>\n",
       "      <th>totsp</th>\n",
       "      <td>0.727485</td>\n",
       "      <td>0.047410</td>\n",
       "      <td>-0.071582</td>\n",
       "      <td>-0.091494</td>\n",
       "      <td>-0.005390</td>\n",
       "      <td>-0.000323</td>\n",
       "      <td>-0.028784</td>\n",
       "      <td>0.080025</td>\n",
       "      <td>-0.000330</td>\n",
       "      <td>-0.001818</td>\n",
       "    </tr>\n",
       "    <tr>\n",
       "      <th>livesp</th>\n",
       "      <td>-5.040333</td>\n",
       "      <td>-0.071582</td>\n",
       "      <td>0.221898</td>\n",
       "      <td>-0.007056</td>\n",
       "      <td>0.020751</td>\n",
       "      <td>0.004557</td>\n",
       "      <td>0.065141</td>\n",
       "      <td>-0.378958</td>\n",
       "      <td>0.023943</td>\n",
       "      <td>-0.009932</td>\n",
       "    </tr>\n",
       "    <tr>\n",
       "      <th>kitsp</th>\n",
       "      <td>2.444536</td>\n",
       "      <td>-0.091494</td>\n",
       "      <td>-0.007056</td>\n",
       "      <td>0.512652</td>\n",
       "      <td>-0.003734</td>\n",
       "      <td>-0.009876</td>\n",
       "      <td>0.043718</td>\n",
       "      <td>0.314514</td>\n",
       "      <td>-0.083921</td>\n",
       "      <td>0.011844</td>\n",
       "    </tr>\n",
       "    <tr>\n",
       "      <th>dist</th>\n",
       "      <td>-1.243724</td>\n",
       "      <td>-0.005390</td>\n",
       "      <td>0.020751</td>\n",
       "      <td>-0.003734</td>\n",
       "      <td>0.052043</td>\n",
       "      <td>0.001137</td>\n",
       "      <td>0.047046</td>\n",
       "      <td>0.112207</td>\n",
       "      <td>-0.013452</td>\n",
       "      <td>0.013648</td>\n",
       "    </tr>\n",
       "    <tr>\n",
       "      <th>metrdist</th>\n",
       "      <td>-0.330106</td>\n",
       "      <td>-0.000323</td>\n",
       "      <td>0.004557</td>\n",
       "      <td>-0.009876</td>\n",
       "      <td>0.001137</td>\n",
       "      <td>0.025511</td>\n",
       "      <td>0.004504</td>\n",
       "      <td>0.008496</td>\n",
       "      <td>-0.002729</td>\n",
       "      <td>0.001072</td>\n",
       "    </tr>\n",
       "    <tr>\n",
       "      <th>walk</th>\n",
       "      <td>-2.815240</td>\n",
       "      <td>-0.028784</td>\n",
       "      <td>0.065141</td>\n",
       "      <td>0.043718</td>\n",
       "      <td>0.047046</td>\n",
       "      <td>0.004504</td>\n",
       "      <td>1.498222</td>\n",
       "      <td>-0.037720</td>\n",
       "      <td>-0.145615</td>\n",
       "      <td>0.024963</td>\n",
       "    </tr>\n",
       "    <tr>\n",
       "      <th>brick</th>\n",
       "      <td>6.398283</td>\n",
       "      <td>0.080025</td>\n",
       "      <td>-0.378958</td>\n",
       "      <td>0.314514</td>\n",
       "      <td>0.112207</td>\n",
       "      <td>0.008496</td>\n",
       "      <td>-0.037720</td>\n",
       "      <td>3.531460</td>\n",
       "      <td>-0.075079</td>\n",
       "      <td>0.035005</td>\n",
       "    </tr>\n",
       "    <tr>\n",
       "      <th>floor</th>\n",
       "      <td>-1.461743</td>\n",
       "      <td>-0.000330</td>\n",
       "      <td>0.023943</td>\n",
       "      <td>-0.083921</td>\n",
       "      <td>-0.013452</td>\n",
       "      <td>-0.002729</td>\n",
       "      <td>-0.145615</td>\n",
       "      <td>-0.075079</td>\n",
       "      <td>1.787214</td>\n",
       "      <td>-0.005604</td>\n",
       "    </tr>\n",
       "    <tr>\n",
       "      <th>code</th>\n",
       "      <td>-0.059492</td>\n",
       "      <td>-0.001818</td>\n",
       "      <td>-0.009932</td>\n",
       "      <td>0.011844</td>\n",
       "      <td>0.013648</td>\n",
       "      <td>0.001072</td>\n",
       "      <td>0.024963</td>\n",
       "      <td>0.035005</td>\n",
       "      <td>-0.005604</td>\n",
       "      <td>0.078453</td>\n",
       "    </tr>\n",
       "  </tbody>\n",
       "</table>\n",
       "</div>"
      ],
      "text/plain": [
       "            Intercept     totsp    livesp     kitsp      dist  metrdist  \\\n",
       "Intercept  172.083099  0.727485 -5.040333  2.444536 -1.243724 -0.330106   \n",
       "totsp        0.727485  0.047410 -0.071582 -0.091494 -0.005390 -0.000323   \n",
       "livesp      -5.040333 -0.071582  0.221898 -0.007056  0.020751  0.004557   \n",
       "kitsp        2.444536 -0.091494 -0.007056  0.512652 -0.003734 -0.009876   \n",
       "dist        -1.243724 -0.005390  0.020751 -0.003734  0.052043  0.001137   \n",
       "metrdist    -0.330106 -0.000323  0.004557 -0.009876  0.001137  0.025511   \n",
       "walk        -2.815240 -0.028784  0.065141  0.043718  0.047046  0.004504   \n",
       "brick        6.398283  0.080025 -0.378958  0.314514  0.112207  0.008496   \n",
       "floor       -1.461743 -0.000330  0.023943 -0.083921 -0.013452 -0.002729   \n",
       "code        -0.059492 -0.001818 -0.009932  0.011844  0.013648  0.001072   \n",
       "\n",
       "               walk     brick     floor      code  \n",
       "Intercept -2.815240  6.398283 -1.461743 -0.059492  \n",
       "totsp     -0.028784  0.080025 -0.000330 -0.001818  \n",
       "livesp     0.065141 -0.378958  0.023943 -0.009932  \n",
       "kitsp      0.043718  0.314514 -0.083921  0.011844  \n",
       "dist       0.047046  0.112207 -0.013452  0.013648  \n",
       "metrdist   0.004504  0.008496 -0.002729  0.001072  \n",
       "walk       1.498222 -0.037720 -0.145615  0.024963  \n",
       "brick     -0.037720  3.531460 -0.075079  0.035005  \n",
       "floor     -0.145615 -0.075079  1.787214 -0.005604  \n",
       "code       0.024963  0.035005 -0.005604  0.078453  "
      ]
     },
     "execution_count": 4,
     "metadata": {},
     "output_type": "execute_result"
    }
   ],
   "source": [
    "pd.DataFrame(\n",
    "    robust_results.cov_params(),\n",
    "    index=l_results.params.index, \n",
    "    columns=l_results.params.index\n",
    ")"
   ]
  },
  {
   "cell_type": "code",
   "execution_count": 5,
   "id": "74561381-b04e-456d-a048-e5aa44726a13",
   "metadata": {},
   "outputs": [
    {
     "name": "stdout",
     "output_type": "stream",
     "text": [
      "                            OLS Regression Results                            \n",
      "==============================================================================\n",
      "Dep. Variable:                  price   R-squared:                       0.683\n",
      "Model:                            OLS   Adj. R-squared:                  0.681\n",
      "Method:                 Least Squares   F-statistic:                     142.6\n",
      "Date:                Mon, 09 Oct 2023   Prob (F-statistic):          1.19e-208\n",
      "Time:                        13:23:45   Log-Likelihood:                -9779.0\n",
      "No. Observations:                2040   AIC:                         1.958e+04\n",
      "Df Residuals:                    2030   BIC:                         1.963e+04\n",
      "Df Model:                           9                                         \n",
      "Covariance Type:                  HC3                                         \n",
      "==============================================================================\n",
      "                 coef    std err          t      P>|t|      [0.025      0.975]\n",
      "------------------------------------------------------------------------------\n",
      "Intercept    -23.9780     13.493     -1.777      0.076     -50.440       2.484\n",
      "totsp          1.5737      0.222      7.088      0.000       1.138       2.009\n",
      "livesp         1.3716      0.485      2.827      0.005       0.420       2.323\n",
      "kitsp          1.7409      0.730      2.384      0.017       0.309       3.173\n",
      "dist          -3.1704      0.231    -13.748      0.000      -3.623      -2.718\n",
      "metrdist      -1.2332      0.162     -7.629      0.000      -1.550      -0.916\n",
      "walk           9.2209      1.234      7.475      0.000       6.802      11.640\n",
      "brick          6.9052      1.906      3.623      0.000       3.167      10.643\n",
      "floor          6.5504      1.347      4.865      0.000       3.910       9.191\n",
      "code          -2.6339      0.283     -9.321      0.000      -3.188      -2.080\n",
      "==============================================================================\n",
      "Omnibus:                     1468.217   Durbin-Watson:                   2.050\n",
      "Prob(Omnibus):                  0.000   Jarque-Bera (JB):            67473.915\n",
      "Skew:                           2.860   Prob(JB):                         0.00\n",
      "Kurtosis:                      30.588   Cond. No.                         789.\n",
      "==============================================================================\n",
      "\n",
      "Notes:\n",
      "[1] Standard Errors are heteroscedasticity robust (HC3)\n"
     ]
    }
   ],
   "source": [
    "totsp_ = 60.\n",
    "livesp_ = 40.\n",
    "kitsp_ = 10.\n",
    "dist = 8.\n",
    "metrdist = 5.\n",
    "walk = 1\n",
    "brick = 1\n",
    "floor = 1\n",
    "code = 2\n",
    "\n",
    "params_list = [totsp_, livesp_, kitsp_, dist, metrdist, walk, brick, floor, code]\n",
    "columns_list = [\"totsp\",\"livesp\",\"kitsp\",\"dist\",\"metrdist\",\"walk\",\"brick\",\"floor\",\"code\"]\n",
    "desired_flat_linear = smf.ols('price ~ totsp+livesp+kitsp+dist+metrdist+walk+brick+floor+code', flats)\n",
    "desired_flat_results = desired_flat_linear.fit()\n",
    "desired_robust_results = desired_flat_results.get_robustcov_results(cov_type=\"HC3\")\n",
    "print(desired_robust_results.summary())"
   ]
  },
  {
   "cell_type": "code",
   "execution_count": 6,
   "id": "d76c7f7b",
   "metadata": {},
   "outputs": [
    {
     "data": {
      "text/html": [
       "<div>\n",
       "<style scoped>\n",
       "    .dataframe tbody tr th:only-of-type {\n",
       "        vertical-align: middle;\n",
       "    }\n",
       "\n",
       "    .dataframe tbody tr th {\n",
       "        vertical-align: top;\n",
       "    }\n",
       "\n",
       "    .dataframe thead th {\n",
       "        text-align: right;\n",
       "    }\n",
       "</style>\n",
       "<table border=\"1\" class=\"dataframe\">\n",
       "  <thead>\n",
       "    <tr style=\"text-align: right;\">\n",
       "      <th></th>\n",
       "      <th>Intercept</th>\n",
       "      <th>totsp</th>\n",
       "      <th>livesp</th>\n",
       "      <th>kitsp</th>\n",
       "      <th>dist</th>\n",
       "      <th>metrdist</th>\n",
       "      <th>walk</th>\n",
       "      <th>brick</th>\n",
       "      <th>floor</th>\n",
       "      <th>code</th>\n",
       "    </tr>\n",
       "  </thead>\n",
       "  <tbody>\n",
       "    <tr>\n",
       "      <th>Intercept</th>\n",
       "      <td>182.070540</td>\n",
       "      <td>0.782418</td>\n",
       "      <td>-5.373745</td>\n",
       "      <td>2.651962</td>\n",
       "      <td>-1.294865</td>\n",
       "      <td>-0.351268</td>\n",
       "      <td>-2.947218</td>\n",
       "      <td>6.927564</td>\n",
       "      <td>-1.512222</td>\n",
       "      <td>-0.045874</td>\n",
       "    </tr>\n",
       "    <tr>\n",
       "      <th>totsp</th>\n",
       "      <td>0.782418</td>\n",
       "      <td>0.049294</td>\n",
       "      <td>-0.075219</td>\n",
       "      <td>-0.094165</td>\n",
       "      <td>-0.005639</td>\n",
       "      <td>-0.000323</td>\n",
       "      <td>-0.029971</td>\n",
       "      <td>0.085686</td>\n",
       "      <td>-0.000502</td>\n",
       "      <td>-0.001714</td>\n",
       "    </tr>\n",
       "    <tr>\n",
       "      <th>livesp</th>\n",
       "      <td>-5.373745</td>\n",
       "      <td>-0.075219</td>\n",
       "      <td>0.235472</td>\n",
       "      <td>-0.010952</td>\n",
       "      <td>0.022110</td>\n",
       "      <td>0.005072</td>\n",
       "      <td>0.069440</td>\n",
       "      <td>-0.402975</td>\n",
       "      <td>0.025449</td>\n",
       "      <td>-0.010646</td>\n",
       "    </tr>\n",
       "    <tr>\n",
       "      <th>kitsp</th>\n",
       "      <td>2.651962</td>\n",
       "      <td>-0.094165</td>\n",
       "      <td>-0.010952</td>\n",
       "      <td>0.533219</td>\n",
       "      <td>-0.004723</td>\n",
       "      <td>-0.010998</td>\n",
       "      <td>0.043181</td>\n",
       "      <td>0.327409</td>\n",
       "      <td>-0.086539</td>\n",
       "      <td>0.011991</td>\n",
       "    </tr>\n",
       "    <tr>\n",
       "      <th>dist</th>\n",
       "      <td>-1.294865</td>\n",
       "      <td>-0.005639</td>\n",
       "      <td>0.022110</td>\n",
       "      <td>-0.004723</td>\n",
       "      <td>0.053177</td>\n",
       "      <td>0.001295</td>\n",
       "      <td>0.048157</td>\n",
       "      <td>0.113119</td>\n",
       "      <td>-0.013671</td>\n",
       "      <td>0.013876</td>\n",
       "    </tr>\n",
       "    <tr>\n",
       "      <th>metrdist</th>\n",
       "      <td>-0.351268</td>\n",
       "      <td>-0.000323</td>\n",
       "      <td>0.005072</td>\n",
       "      <td>-0.010998</td>\n",
       "      <td>0.001295</td>\n",
       "      <td>0.026131</td>\n",
       "      <td>0.004649</td>\n",
       "      <td>0.008725</td>\n",
       "      <td>-0.002502</td>\n",
       "      <td>0.001140</td>\n",
       "    </tr>\n",
       "    <tr>\n",
       "      <th>walk</th>\n",
       "      <td>-2.947218</td>\n",
       "      <td>-0.029971</td>\n",
       "      <td>0.069440</td>\n",
       "      <td>0.043181</td>\n",
       "      <td>0.048157</td>\n",
       "      <td>0.004649</td>\n",
       "      <td>1.521869</td>\n",
       "      <td>-0.044112</td>\n",
       "      <td>-0.148148</td>\n",
       "      <td>0.025305</td>\n",
       "    </tr>\n",
       "    <tr>\n",
       "      <th>brick</th>\n",
       "      <td>6.927564</td>\n",
       "      <td>0.085686</td>\n",
       "      <td>-0.402975</td>\n",
       "      <td>0.327409</td>\n",
       "      <td>0.113119</td>\n",
       "      <td>0.008725</td>\n",
       "      <td>-0.044112</td>\n",
       "      <td>3.633260</td>\n",
       "      <td>-0.077999</td>\n",
       "      <td>0.036700</td>\n",
       "    </tr>\n",
       "    <tr>\n",
       "      <th>floor</th>\n",
       "      <td>-1.512222</td>\n",
       "      <td>-0.000502</td>\n",
       "      <td>0.025449</td>\n",
       "      <td>-0.086539</td>\n",
       "      <td>-0.013671</td>\n",
       "      <td>-0.002502</td>\n",
       "      <td>-0.148148</td>\n",
       "      <td>-0.077999</td>\n",
       "      <td>1.813114</td>\n",
       "      <td>-0.005887</td>\n",
       "    </tr>\n",
       "    <tr>\n",
       "      <th>code</th>\n",
       "      <td>-0.045874</td>\n",
       "      <td>-0.001714</td>\n",
       "      <td>-0.010646</td>\n",
       "      <td>0.011991</td>\n",
       "      <td>0.013876</td>\n",
       "      <td>0.001140</td>\n",
       "      <td>0.025305</td>\n",
       "      <td>0.036700</td>\n",
       "      <td>-0.005887</td>\n",
       "      <td>0.079844</td>\n",
       "    </tr>\n",
       "  </tbody>\n",
       "</table>\n",
       "</div>"
      ],
      "text/plain": [
       "            Intercept     totsp    livesp     kitsp      dist  metrdist  \\\n",
       "Intercept  182.070540  0.782418 -5.373745  2.651962 -1.294865 -0.351268   \n",
       "totsp        0.782418  0.049294 -0.075219 -0.094165 -0.005639 -0.000323   \n",
       "livesp      -5.373745 -0.075219  0.235472 -0.010952  0.022110  0.005072   \n",
       "kitsp        2.651962 -0.094165 -0.010952  0.533219 -0.004723 -0.010998   \n",
       "dist        -1.294865 -0.005639  0.022110 -0.004723  0.053177  0.001295   \n",
       "metrdist    -0.351268 -0.000323  0.005072 -0.010998  0.001295  0.026131   \n",
       "walk        -2.947218 -0.029971  0.069440  0.043181  0.048157  0.004649   \n",
       "brick        6.927564  0.085686 -0.402975  0.327409  0.113119  0.008725   \n",
       "floor       -1.512222 -0.000502  0.025449 -0.086539 -0.013671 -0.002502   \n",
       "code        -0.045874 -0.001714 -0.010646  0.011991  0.013876  0.001140   \n",
       "\n",
       "               walk     brick     floor      code  \n",
       "Intercept -2.947218  6.927564 -1.512222 -0.045874  \n",
       "totsp     -0.029971  0.085686 -0.000502 -0.001714  \n",
       "livesp     0.069440 -0.402975  0.025449 -0.010646  \n",
       "kitsp      0.043181  0.327409 -0.086539  0.011991  \n",
       "dist       0.048157  0.113119 -0.013671  0.013876  \n",
       "metrdist   0.004649  0.008725 -0.002502  0.001140  \n",
       "walk       1.521869 -0.044112 -0.148148  0.025305  \n",
       "brick     -0.044112  3.633260 -0.077999  0.036700  \n",
       "floor     -0.148148 -0.077999  1.813114 -0.005887  \n",
       "code       0.025305  0.036700 -0.005887  0.079844  "
      ]
     },
     "execution_count": 6,
     "metadata": {},
     "output_type": "execute_result"
    }
   ],
   "source": [
    "pd.DataFrame(\n",
    "    desired_robust_results.cov_params(),\n",
    "    index=desired_flat_results.params.index, \n",
    "    columns=desired_flat_results.params.index\n",
    ")"
   ]
  },
  {
   "cell_type": "code",
   "execution_count": 7,
   "id": "24231691",
   "metadata": {},
   "outputs": [
    {
     "data": {
      "text/html": [
       "<div>\n",
       "<style scoped>\n",
       "    .dataframe tbody tr th:only-of-type {\n",
       "        vertical-align: middle;\n",
       "    }\n",
       "\n",
       "    .dataframe tbody tr th {\n",
       "        vertical-align: top;\n",
       "    }\n",
       "\n",
       "    .dataframe thead th {\n",
       "        text-align: right;\n",
       "    }\n",
       "</style>\n",
       "<table border=\"1\" class=\"dataframe\">\n",
       "  <thead>\n",
       "    <tr style=\"text-align: right;\">\n",
       "      <th></th>\n",
       "      <th>mean</th>\n",
       "      <th>mean_se</th>\n",
       "      <th>mean_ci_lower</th>\n",
       "      <th>mean_ci_upper</th>\n",
       "      <th>obs_ci_lower</th>\n",
       "      <th>obs_ci_upper</th>\n",
       "    </tr>\n",
       "  </thead>\n",
       "  <tbody>\n",
       "    <tr>\n",
       "      <th>0</th>\n",
       "      <td>128.595552</td>\n",
       "      <td>3.627374</td>\n",
       "      <td>121.481788</td>\n",
       "      <td>135.709316</td>\n",
       "      <td>70.720534</td>\n",
       "      <td>186.470569</td>\n",
       "    </tr>\n",
       "  </tbody>\n",
       "</table>\n",
       "</div>"
      ],
      "text/plain": [
       "         mean   mean_se  mean_ci_lower  mean_ci_upper  obs_ci_lower  \\\n",
       "0  128.595552  3.627374     121.481788     135.709316     70.720534   \n",
       "\n",
       "   obs_ci_upper  \n",
       "0    186.470569  "
      ]
     },
     "execution_count": 7,
     "metadata": {},
     "output_type": "execute_result"
    }
   ],
   "source": [
    "\n",
    "desired_pred =desired_robust_results.get_prediction(pd.DataFrame([params_list], columns= columns_list))\n",
    "single_pred = desired_pred.summary_frame(alpha=.05)[['obs_ci_lower','obs_ci_upper']]\n",
    "desired_pred.summary_frame(alpha=.05)"
   ]
  },
  {
   "cell_type": "code",
   "execution_count": 8,
   "id": "08981c8b",
   "metadata": {},
   "outputs": [],
   "source": [
    "X = np.linspace(np.min(flats['totsp']) - 50, np.max(flats['totsp']) + 200, 1000)\n",
    "pred = []\n",
    "lower = []\n",
    "upper = []\n",
    "for elem in X:\n",
    "    pred_buff = desired_robust_results.get_prediction(pd.DataFrame([[elem, *(params_list[1:])]], columns= columns_list))\n",
    "    frame = pred_buff.summary_frame(alpha=.05)\n",
    "    pred.append(float(frame['mean']))\n",
    "    lower.append(float(frame['obs_ci_lower']))\n",
    "    upper.append(float(frame['obs_ci_upper']))"
   ]
  },
  {
   "cell_type": "code",
   "execution_count": 9,
   "id": "028817a9",
   "metadata": {},
   "outputs": [
    {
     "data": {
      "text/plain": [
       "<matplotlib.collections.PolyCollection at 0x1b58c0c0990>"
      ]
     },
     "execution_count": 9,
     "metadata": {},
     "output_type": "execute_result"
    },
    {
     "data": {
